4
0
0 2 0 14 0 12 1 0 15 0 0 0 3 6 9 0 
0 0 15 9 8 0 0 5 0 10 12 4 0 0 0 0 
0 16 4 0 9 0 0 0 0 2 5 0 8 12 0 0 
13 0 0 0 7 0 2 0 0 3 6 14 0 0 0 0 
4 0 0 0 12 0 0 13 0 0 0 8 0 11 0 0 
0 9 0 0 5 1 0 0 4 11 15 10 0 0 0 14 
0 0 0 0 0 10 0 11 0 0 7 0 12 0 0 16 
0 8 0 0 0 0 14 0 13 0 9 2 0 0 0 1 
0 1 0 16 11 0 13 2 8 9 0 0 0 0 0 0 
0 0 0 13 0 0 5 9 0 0 10 0 0 2 0 0 
10 7 0 2 0 0 3 0 0 0 11 1 0 0 5 4 
15 6 12 8 16 0 0 0 0 0 0 7 0 14 0 0 
0 3 13 12 0 0 15 4 2 0 0 0 14 0 10 8 
0 0 0 0 0 0 9 0 0 0 0 0 1 0 0 5 
7 0 16 5 0 0 0 0 0 0 0 0 0 4 6 2 
0 0 0 0 0 0 16 0 6 7 8 0 0 13 12 0 
0 2 0 14 0 12 1 0 15 0 0 0 3 6 9 0 
0 0 15 9 8 0 0 5 0 10 12 4 0 0 0 0 
0 16 4 0 9 0 0 0 0 2 5 0 8 12 0 0 
13 0 0 0 7 0 2 0 0 3 6 14 0 0 0 0 
4 0 0 0 12 0 0 13 0 0 0 8 0 11 0 0 
0 9 0 0 5 1 0 0 4 11 15 10 0 0 0 14 
0 0 0 0 0 10 0 11 0 0 7 0 12 0 0 16 
0 8 0 0 0 0 14 0 13 0 9 2 0 0 0 1 
0 1 0 16 11 0 13 2 8 9 0 0 0 0 0 0 
0 0 0 13 0 0 5 9 0 0 10 0 0 2 0 0 
10 7 0 2 0 0 3 0 0 0 11 1 0 0 5 4 
15 6 12 8 16 0 0 0 0 0 0 7 0 14 0 0 
0 3 13 12 0 0 15 4 2 0 0 0 14 0 10 8 
0 0 0 0 0 0 9 0 0 0 0 0 1 0 0 5 
7 0 16 5 0 0 0 0 0 0 0 0 0 4 6 2 
0 0 0 0 0 0 16 0 6 7 8 0 0 13 12 0 
5 2 7 14 4 12 1 10 15 8 16 11 3 6 9 13 
3 11 15 9 8 13 6 5 1 10 12 4 2 16 14 7 
6 16 4 1 9 14 11 3 7 2 5 13 8 12 15 10 
13 12 8 10 7 16 2 15 9 3 6 14 5 1 4 11 
4 5 6 3 12 9 7 13 16 1 14 8 10 11 2 15 
12 9 2 7 5 1 8 16 4 11 15 10 6 3 13 14 
1 13 14 15 2 10 4 11 5 6 7 3 12 9 8 16 
16 8 10 11 3 15 14 6 13 12 9 2 4 5 7 1 
14 1 5 16 11 7 13 2 8 9 4 6 15 10 3 12 
11 4 3 13 14 8 5 9 12 15 10 16 7 2 1 6 
10 7 9 2 15 6 3 12 14 13 11 1 16 8 5 4 
15 6 12 8 16 4 10 1 3 5 2 7 13 14 11 9 
9 3 13 12 6 11 15 4 2 16 1 5 14 7 10 8 
8 14 11 6 13 2 9 7 10 4 3 12 1 15 16 5 
7 10 16 5 1 3 12 8 11 14 13 15 9 4 6 2 
2 15 1 4 10 5 16 14 6 7 8 9 11 13 12 3 
